1 0 513.75 0 10 7 0 1.75 0 0 0
2 1149 214.75 0 10 7 7 1.75 1 0 9
2 2735 214.75 0 10 7 7 1.75 1 0 3
2 4778 374.75 0 10 7 -7 1.75 1 0 4
2 4637 534.75 0 10 7 -7 1.75 1 0 4
2 392 374.75 0 10 7 -7 1.75 1 0 1
9 1120 513.75 0 10 7 0 1.75 1 0 4 31.5 0 1120
2 2265 534.75 0 10 7 7 1.75 1 0 0
9 2496 513.75 0 10 7 0 1.75 1 0 7 31.5 0 2496
9 4544 513.75 0 10 7 0 1.75 1 0 3 31.5 0 4544
4 896 160 0
4 928 160 0
4 960 160 0
4 992 160 0
4 1024 160 0
4 1056 160 0
4 5152 160 0
4 5184 160 0
4 5216 160 0
4 5248 160 0
4 5280 160 0
4 5312 160 0
4 1152 288 0
4 1184 288 0
4 1216 288 0
4 1248 288 0
4 1280 288 0
4 1312 288 0
4 1632 288 0
4 1664 288 0
4 1696 288 0
4 1728 288 0
4 1760 288 0
4 1792 288 0
4 2688 288 0
4 2720 288 0
4 2752 288 0
4 2784 288 0
4 2816 288 0
4 2848 288 0
4 3136 288 0
4 3168 288 0
4 3200 288 0
4 3232 288 0
4 3264 288 0
4 3296 288 0
4 3808 288 0
4 3840 288 0
4 3872 288 0
4 3904 288 0
4 3936 288 0
4 3968 288 0
4 4704 288 0
4 4736 288 0
4 4768 288 0
4 4800 288 0
4 4832 288 0
4 4864 288 0
4 5376 288 0
4 5408 288 0
4 5440 288 0
4 5472 288 0
4 5504 288 0
4 5536 288 0
4 448 448 0
4 480 448 0
4 512 448 0
4 544 448 0
4 576 448 0
4 608 448 0
4 1792 448 0
4 1824 448 0
4 1856 448 0
4 1888 448 0
4 1920 448 0
4 1952 448 0
4 2464 448 0
4 2496 448 0
4 2528 448 0
4 2560 448 0
4 2592 448 0
4 2624 448 0
4 2912 448 0
4 2944 448 0
4 2976 448 0
4 3008 448 0
4 3040 448 0
4 3072 448 0
4 4704 448 0
4 4736 448 0
4 4768 448 0
4 4800 448 0
4 4832 448 0
4 4864 448 0
6 713 576 0 -7 0 21
6 1481 576 0 -7 0 21
6 3881 576 0 -7 0 21
6 4297 576 0 -7 0 21
6 4969 576 0 -7 0 21
6 6121 576 0 -7 0 21
4 0 608 0
4 32 608 0
4 64 608 0
4 96 608 0
4 128 608 0
4 160 608 0
4 192 608 0
4 224 608 0
4 256 608 0
4 288 608 0
4 320 608 0
4 352 608 0
4 384 608 0
4 416 608 0
4 448 608 0
4 480 608 0
4 512 608 0
4 544 608 0
4 576 608 0
4 608 608 0
4 640 608 0
4 672 608 0
4 704 608 0
4 736 608 0
4 768 608 0
4 800 608 0
4 832 608 0
4 864 608 0
4 896 608 0
4 928 608 0
4 960 608 0
4 992 608 0
4 1024 608 0
4 1056 608 0
4 1088 608 0
4 1120 608 0
4 1152 608 0
4 1184 608 0
4 1216 608 0
4 1248 608 0
4 1280 608 0
4 1312 608 0
4 1344 608 0
4 1376 608 0
4 1408 608 0
4 1440 608 0
4 1472 608 0
4 1504 608 0
4 1536 608 0
4 1568 608 0
4 1600 608 0
4 1632 608 0
4 1664 608 0
4 1696 608 0
4 1728 608 0
4 1760 608 0
4 1792 608 0
4 1824 608 0
4 1856 608 0
4 1888 608 0
4 1920 608 0
4 1952 608 0
4 1984 608 0
4 2016 608 0
4 2048 608 0
4 2080 608 0
4 2112 608 0
4 2144 608 0
4 2176 608 0
4 2208 608 0
4 2240 608 0
4 2272 608 0
4 2304 608 0
4 2336 608 0
4 2368 608 0
4 2400 608 0
4 2432 608 0
4 2464 608 0
4 2496 608 0
4 2528 608 0
4 2560 608 0
4 2592 608 0
4 2624 608 0
4 2656 608 0
4 2688 608 0
4 2720 608 0
4 2752 608 0
4 2784 608 0
4 2816 608 0
4 2848 608 0
4 2880 608 0
4 2912 608 0
4 2944 608 0
4 2976 608 0
4 3008 608 0
4 3040 608 0
4 3072 608 0
4 3104 608 0
4 3136 608 0
4 3168 608 0
4 3200 608 0
4 3232 608 0
4 3264 608 0
4 3296 608 0
4 3328 608 0
4 3360 608 0
4 3392 608 0
4 3424 608 0
4 3456 608 0
4 3488 608 0
4 3520 608 0
4 3552 608 0
4 3584 608 0
4 3616 608 0
4 3648 608 0
4 3680 608 0
4 3712 608 0
4 3744 608 0
4 3776 608 0
4 3808 608 0
4 3840 608 0
4 3872 608 0
4 3904 608 0
4 3936 608 0
4 3968 608 0
4 4000 608 0
4 4032 608 0
4 4064 608 0
4 4096 608 0
4 4128 608 0
4 4160 608 0
4 4192 608 0
4 4224 608 0
4 4256 608 0
4 4288 608 0
4 4320 608 0
4 4352 608 0
4 4384 608 0
4 4416 608 0
4 4448 608 0
4 4480 608 0
4 4512 608 0
4 4544 608 0
4 4576 608 0
4 4608 608 0
4 4640 608 0
4 4672 608 0
4 4704 608 0
4 4736 608 0
4 4768 608 0
4 4800 608 0
4 4832 608 0
4 4864 608 0
4 4896 608 0
4 4928 608 0
4 4960 608 0
4 4992 608 0
4 5024 608 0
4 5056 608 0
4 5088 608 0
4 5120 608 0
4 5152 608 0
4 5184 608 0
4 5216 608 0
4 5248 608 0
4 5280 608 0
4 5312 608 0
4 5344 608 0
4 5376 608 0
4 5408 608 0
4 5440 608 0
4 5472 608 0
4 5504 608 0
4 5536 608 0
4 5568 608 0
4 5600 608 0
4 5632 608 0
4 5664 608 0
4 5696 608 0
4 5728 608 0
4 5760 608 0
4 5792 608 0
4 5824 608 0
4 5856 608 0
4 5888 608 0
4 5920 608 0
4 5952 608 0
4 5984 608 0
4 6016 608 0
4 6048 608 0
4 6080 608 0
4 6112 608 0
4 6144 608 0
4 6176 608 0
4 6208 608 0
4 6240 608 0
4 6272 608 0
4 6304 608 0
4 6336 608 0
4 6368 608 0
